#----------------------------------------------------------------------
# Basis Set Exchange
# Version v0.8.13
# https://www.basissetexchange.org
#----------------------------------------------------------------------
#   Basis set:   D-AUG-CC-PVTZ
# Description: VTZ2PD  Valence Triple Zeta + Polarization + Diffuse
#        Role: orbital
#     Version: 0  (Data from the original Basis Set Exchange)
#----------------------------------------------------------------------


$basis
*
h   D-AUG-CC-PVTZ
*
    5   s
     33.8700000              0.0060680
      5.0950000              0.0453080
      1.1590000              0.2028220
      0.3258000              0.5039030
      0.1027000              0.3834210
    1   s
      0.3258000              1.0000000
    1   s
      0.1027000              1.0000000
    1   s
      0.0252600              1.0000000
    1   s
      0.00621                1.000000
    1   p
      1.4070000              1.0000000
    1   p
      0.3880000              1.0000000
    1   p
      0.1020000              1.0000000
    1   p
      0.0268                 1.000000
    1   d
      1.0570000              1.0000000
    1   d
      0.2470000              1.0000000
    1   d
      0.0577                 1.000000
*
he   D-AUG-CC-PVTZ
*
    6   s
    234.0000000              0.0025870
     35.1600000              0.0195330
      7.9890000              0.0909980
      2.2120000              0.2720500
      0.6669000              0.4780650
      0.2089000              0.3077370
    1   s
      0.6669000              1.0000000
    1   s
      0.2089000              1.0000000
    1   s
      0.0513800              1.0000000
    1   s
      0.0126                 1.000000
    1   p
      3.0440000              1.0000000
    1   p
      0.7580000              1.0000000
    1   p
      0.1993000              1.0000000
    1   p
      0.0524                 1.000000
    1   d
      1.9650000              1.0000000
    1   d
      0.4592000              1.0000000
    1   d
      0.1070                 1.000000
*
b   D-AUG-CC-PVTZ
*
    10   s
   5473.0000000              0.0005550
    820.9000000              0.0042910
    186.8000000              0.0219490
     52.8300000              0.0844410
     17.0800000              0.2385570
      5.9990000              0.4350720
      2.2080000              0.3419550
      0.5879000              0.0368560
      0.2415000             -0.0095450
      0.0861000              0.0023680
    10   s
   5473.0000000             -0.0001120
    820.9000000             -0.0008680
    186.8000000             -0.0044840
     52.8300000             -0.0176830
     17.0800000             -0.0536390
      5.9990000             -0.1190050
      2.2080000             -0.1658240
      0.5879000              0.1201070
      0.2415000              0.5959810
      0.0861000              0.4110210
    1   s
      0.5879000              1.0000000
    1   s
      0.0861000              1.0000000
    1   s
      0.0291400              1.0000000
    1   s
      0.00986                1.000000
    5   p
     12.0500000              0.0131180
      2.6130000              0.0798960
      0.7475000              0.2772750
      0.2385000              0.5042700
      0.0769800              0.3536800
    1   p
      0.2385000              1.0000000
    1   p
      0.0769800              1.0000000
    1   p
      0.0209600              1.0000000
    1   p
      0.00571                1.000000
    1   d
      0.6610000              1.0000000
    1   d
      0.1990000              1.0000000
    1   d
      0.0604000              1.0000000
    1   d
      0.0183                 1.000000
    1   f
      0.4900000              1.0000000
    1   f
      0.1630000              1.0000000
    1   f
      0.0542                 1.000000
*
c   D-AUG-CC-PVTZ
*
    10   s
   8236.0000000              0.0005310
   1235.0000000              0.0041080
    280.8000000              0.0210870
     79.2700000              0.0818530
     25.5900000              0.2348170
      8.9970000              0.4344010
      3.3190000              0.3461290
      0.9059000              0.0393780
      0.3643000             -0.0089830
      0.1285000              0.0023850
    10   s
   8236.0000000             -0.0001130
   1235.0000000             -0.0008780
    280.8000000             -0.0045400
     79.2700000             -0.0181330
     25.5900000             -0.0557600
      8.9970000             -0.1268950
      3.3190000             -0.1703520
      0.9059000              0.1403820
      0.3643000              0.5986840
      0.1285000              0.3953890
    1   s
      0.9059000              1.0000000
    1   s
      0.1285000              1.0000000
    1   s
      0.0440200              1.0000000
    1   s
      0.0151                 1.000000
    5   p
     18.7100000              0.0140310
      4.1330000              0.0868660
      1.2000000              0.2902160
      0.3827000              0.5010080
      0.1209000              0.3434060
    1   p
      0.3827000              1.0000000
    1   p
      0.1209000              1.0000000
    1   p
      0.0356900              1.0000000
    1   p
      0.0105                 1.000000
    1   d
      1.0970000              1.0000000
    1   d
      0.3180000              1.0000000
    1   d
      0.1000000              1.0000000
    1   d
      0.0314                 1.000000
    1   f
      0.7610000              1.0000000
    1   f
      0.2680000              1.0000000
    1   f
      0.0944                 1.000000
*
n   D-AUG-CC-PVTZ
*
    10   s
  11420.0000000              0.0005230
   1712.0000000              0.0040450
    389.3000000              0.0207750
    110.0000000              0.0807270
     35.5700000              0.2330740
     12.5400000              0.4335010
      4.6440000              0.3474720
      1.2930000              0.0412620
      0.5118000             -0.0085080
      0.1787000              0.0023840
    10   s
  11420.0000000             -0.0001150
   1712.0000000             -0.0008950
    389.3000000             -0.0046240
    110.0000000             -0.0185280
     35.5700000             -0.0573390
     12.5400000             -0.1320760
      4.6440000             -0.1725100
      1.2930000              0.1518140
      0.5118000              0.5999440
      0.1787000              0.3874620
    1   s
      1.2930000              1.0000000
    1   s
      0.1787000              1.0000000
    1   s
      0.0576000              1.0000000
    1   s
      0.0186                 1.000000
    5   p
     26.6300000              0.0146700
      5.9480000              0.0917640
      1.7420000              0.2986830
      0.5550000              0.4984870
      0.1725000              0.3370230
    1   p
      0.5550000              1.0000000
    1   p
      0.1725000              1.0000000
    1   p
      0.0491000              1.0000000
    1   p
      0.0140                 1.000000
    1   d
      1.6540000              1.0000000
    1   d
      0.4690000              1.0000000
    1   d
      0.1510000              1.0000000
    1   d
      0.0486                 1.000000
    1   f
      1.0930000              1.0000000
    1   f
      0.3640000              1.0000000
    1   f
      0.1210                 1.000000
*
o   D-AUG-CC-PVTZ
*
    10   s
  15330.0000000              0.0005080
   2299.0000000              0.0039290
    522.4000000              0.0202430
    147.3000000              0.0791810
     47.5500000              0.2306870
     16.7600000              0.4331180
      6.2070000              0.3502600
      1.7520000              0.0427280
      0.6882000             -0.0081540
      0.2384000              0.0023810
    10   s
  15330.0000000             -0.0001150
   2299.0000000             -0.0008950
    522.4000000             -0.0046360
    147.3000000             -0.0187240
     47.5500000             -0.0584630
     16.7600000             -0.1364630
      6.2070000             -0.1757400
      1.7520000              0.1609340
      0.6882000              0.6034180
      0.2384000              0.3787650
    1   s
      1.7520000              1.0000000
    1   s
      0.2384000              1.0000000
    1   s
      0.0737600              1.0000000
    1   s
      0.0228                 1.000000
    5   p
     34.4600000              0.0159280
      7.7490000              0.0997400
      2.2800000              0.3104920
      0.7156000              0.4910260
      0.2140000              0.3363370
    1   p
      0.7156000              1.0000000
    1   p
      0.2140000              1.0000000
    1   p
      0.0597400              1.0000000
    1   p
      0.0167                 1.000000
    1   d
      2.3140000              1.0000000
    1   d
      0.6450000              1.0000000
    1   d
      0.2140000              1.0000000
    1   d
      0.0710                 1.000000
    1   f
      1.4280000              1.0000000
    1   f
      0.5000000              1.0000000
    1   f
      0.1750                 1.000000
*
f   D-AUG-CC-PVTZ
*
    10   s
  19500.0000000              0.0005070
   2923.0000000              0.0039230
    664.5000000              0.0202000
    187.5000000              0.0790100
     60.6200000              0.2304390
     21.4200000              0.4328720
      7.9500000              0.3499640
      2.2570000              0.0432330
      0.8815000             -0.0078920
      0.3041000              0.0023840
    10   s
  19500.0000000             -0.0001170
   2923.0000000             -0.0009120
    664.5000000             -0.0047170
    187.5000000             -0.0190860
     60.6200000             -0.0596550
     21.4200000             -0.1400100
      7.9500000             -0.1767820
      2.2570000              0.1716250
      0.8815000              0.6050430
      0.3041000              0.3695120
    1   s
      2.2570000              1.0000000
    1   s
      0.3041000              1.0000000
    1   s
      0.0915800              1.0000000
    1   s
      0.0276                 1.000000
    5   p
     43.8800000              0.0166650
      9.9260000              0.1044720
      2.9300000              0.3172600
      0.9132000              0.4873430
      0.2672000              0.3346040
    1   p
      0.9132000              1.0000000
    1   p
      0.2672000              1.0000000
    1   p
      0.0736100              1.0000000
    1   p
      0.0203                 1.000000
    1   d
      3.1070000              1.0000000
    1   d
      0.8550000              1.0000000
    1   d
      0.2920000              1.0000000
    1   d
      0.0997                 1.000000
    1   f
      1.9170000              1.0000000
    1   f
      0.7240000              1.0000000
    1   f
      0.2730                 1.000000
*
ne   D-AUG-CC-PVTZ
*
    10   s
  24350.0000000              0.0005020
   3650.0000000              0.0038810
    829.6000000              0.0199970
    234.0000000              0.0784180
     75.6100000              0.2296760
     26.7300000              0.4327220
      9.9270000              0.3506420
      2.8360000              0.0439110
      1.1020000             -0.0076450
      0.3782000              0.0023750
    10   s
  24350.0000000             -0.0001180
   3650.0000000             -0.0009150
    829.6000000             -0.0047370
    234.0000000             -0.0192330
     75.6100000             -0.0603690
     26.7300000             -0.1425080
      9.9270000             -0.1777100
      2.8360000              0.1773520
      1.1020000              0.6058360
      0.3782000              0.3651090
    1   s
      2.8360000              1.0000000
    1   s
      0.3782000              1.0000000
    1   s
      0.1133000              1.0000000
    1   s
      0.0339                 1.000000
    5   p
     54.7000000              0.0171510
     12.4300000              0.1076560
      3.6790000              0.3216810
      1.1430000              0.4852320
      0.3300000              0.3325840
    1   p
      1.1430000              1.0000000
    1   p
      0.3300000              1.0000000
    1   p
      0.0917500              1.0000000
    1   p
      0.0255                 1.000000
    1   d
      4.0140000              1.0000000
    1   d
      1.0960000              1.0000000
    1   d
      0.3860000              1.0000000
    1   d
      0.1360                 1.000000
    1   f
      2.5440000              1.0000000
    1   f
      1.0840000              1.0000000
    1   f
      0.4620                 1.000000
*
$end
