#----------------------------------------------------------------------
# Basis Set Exchange
# Version v0.8.13
# https://www.basissetexchange.org
#----------------------------------------------------------------------
#   Basis set:   D-AUG-CC-PVDZ
# Description: VDZ2PD  Valence Double Zeta + Polarization + Diffuse
#        Role: orbital
#     Version: 0  (Data from the original Basis Set Exchange)
#----------------------------------------------------------------------


$basis
*
h   D-AUG-CC-PVDZ
*
    4   s
     13.0100000              0.0196850
      1.9620000              0.1379770
      0.4446000              0.4781480
      0.1220000              0.5012400
    1   s
      0.1220000              1.0000000
    1   s
      0.0297400              1.0000000
    1   s
      0.00725                1.000000
    1   p
      0.7270000              1.0000000
    1   p
      0.1410000              1.0000000
    1   p
      0.02730                1.000000
*
he   D-AUG-CC-PVDZ
*
    4   s
     38.3600000              0.0238090
      5.7700000              0.1548910
      1.2400000              0.4699870
      0.2976000              0.5130270
    1   s
      0.2976000              1.0000000
    1   s
      0.0725500              1.0000000
    1   s
      0.0177                 1.000000
    1   p
      1.2750000              1.0000000
    1   p
      0.2473000              1.0000000
    1   p
      0.0480                 1.000000
*
b   D-AUG-CC-PVDZ
*
    9   s
   4570.0000000              0.0006960
    685.9000000              0.0053530
    156.5000000              0.0271340
     44.4700000              0.1013800
     14.4800000              0.2720550
      5.1310000              0.4484030
      1.8980000              0.2901230
      0.3329000              0.0143220
      0.1043000             -0.0034860
    9   s
   4570.0000000             -0.0001390
    685.9000000             -0.0010970
    156.5000000             -0.0054440
     44.4700000             -0.0219160
     14.4800000             -0.0597510
      5.1310000             -0.1387320
      1.8980000             -0.1314820
      0.3329000              0.5395260
      0.1043000              0.5807740
    1   s
      0.1043000              1.0000000
    1   s
      0.0310500              1.0000000
    1   s
      0.00924                1.000000
    4   p
      6.0010000              0.0354810
      1.2410000              0.1980720
      0.3364000              0.5052300
      0.0953800              0.4794990
    1   p
      0.0953800              1.0000000
    1   p
      0.0237800              1.0000000
    1   p
      0.00593                1.000000
    1   d
      0.3430000              1.0000000
    1   d
      0.0904000              1.0000000
    1   d
      0.02380                1.000000
*
c   D-AUG-CC-PVDZ
*
    9   s
   6665.0000000              0.0006920
   1000.0000000              0.0053290
    228.0000000              0.0270770
     64.7100000              0.1017180
     21.0600000              0.2747400
      7.4950000              0.4485640
      2.7970000              0.2850740
      0.5215000              0.0152040
      0.1596000             -0.0031910
    9   s
   6665.0000000             -0.0001460
   1000.0000000             -0.0011540
    228.0000000             -0.0057250
     64.7100000             -0.0233120
     21.0600000             -0.0639550
      7.4950000             -0.1499810
      2.7970000             -0.1272620
      0.5215000              0.5445290
      0.1596000              0.5804960
    1   s
      0.1596000              1.0000000
    1   s
      0.0469000              1.0000000
    1   s
      0.0138                 1.000000
    4   p
      9.4390000              0.0381090
      2.0020000              0.2094800
      0.5456000              0.5085570
      0.1517000              0.4688420
    1   p
      0.1517000              1.0000000
    1   p
      0.0404100              1.0000000
    1   p
      0.0108                 1.000000
    1   d
      0.5500000              1.0000000
    1   d
      0.1510000              1.0000000
    1   d
      0.0415                 1.000000
*
n   D-AUG-CC-PVDZ
*
    9   s
   9046.0000000              0.0007000
   1357.0000000              0.0053890
    309.3000000              0.0274060
     87.7300000              0.1032070
     28.5600000              0.2787230
     10.2100000              0.4485400
      3.8380000              0.2782380
      0.7466000              0.0154400
      0.2248000             -0.0028640
    9   s
   9046.0000000             -0.0001530
   1357.0000000             -0.0012080
    309.3000000             -0.0059920
     87.7300000             -0.0245440
     28.5600000             -0.0674590
     10.2100000             -0.1580780
      3.8380000             -0.1218310
      0.7466000              0.5490030
      0.2248000              0.5788150
    1   s
      0.2248000              1.0000000
    1   s
      0.0612400              1.0000000
    1   s
      0.0167                 1.000000
    4   p
     13.5500000              0.0399190
      2.9170000              0.2171690
      0.7973000              0.5103190
      0.2185000              0.4622140
    1   p
      0.2185000              1.0000000
    1   p
      0.0561100              1.0000000
    1   p
      0.0144                 1.000000
    1   d
      0.8170000              1.0000000
    1   d
      0.2300000              1.0000000
    1   d
      0.0647                 1.000000
*
o   D-AUG-CC-PVDZ
*
    9   s
  11720.0000000              0.0007100
   1759.0000000              0.0054700
    400.8000000              0.0278370
    113.7000000              0.1048000
     37.0300000              0.2830620
     13.2700000              0.4487190
      5.0250000              0.2709520
      1.0130000              0.0154580
      0.3023000             -0.0025850
    9   s
  11720.0000000             -0.0001600
   1759.0000000             -0.0012630
    400.8000000             -0.0062670
    113.7000000             -0.0257160
     37.0300000             -0.0709240
     13.2700000             -0.1654110
      5.0250000             -0.1169550
      1.0130000              0.5573680
      0.3023000              0.5727590
    1   s
      0.3023000              1.0000000
    1   s
      0.0789600              1.0000000
    1   s
      0.0206                 1.000000
    4   p
     17.7000000              0.0430180
      3.8540000              0.2289130
      1.0460000              0.5087280
      0.2753000              0.4605310
    1   p
      0.2753000              1.0000000
    1   p
      0.0685600              1.0000000
    1   p
      0.0171                 1.000000
    1   d
      1.1850000              1.0000000
    1   d
      0.3320000              1.0000000
    1   d
      0.0930                 1.000000
*
f   D-AUG-CC-PVDZ
*
    9   s
  14710.0000000              0.0007210
   2207.0000000              0.0055530
    502.8000000              0.0282670
    142.6000000              0.1064440
     46.4700000              0.2868140
     16.7000000              0.4486410
      6.3560000              0.2647610
      1.3160000              0.0153330
      0.3897000             -0.0023320
    9   s
  14710.0000000             -0.0001650
   2207.0000000             -0.0013080
    502.8000000             -0.0064950
    142.6000000             -0.0266910
     46.4700000             -0.0736900
     16.7000000             -0.1707760
      6.3560000             -0.1123270
      1.3160000              0.5628140
      0.3897000              0.5687780
    1   s
      0.3897000              1.0000000
    1   s
      0.0986300              1.0000000
    1   s
      0.0250                 1.000000
    4   p
     22.6700000              0.0448780
      4.9770000              0.2357180
      1.3470000              0.5085210
      0.3471000              0.4581200
    1   p
      0.3471000              1.0000000
    1   p
      0.0850200              1.0000000
    1   p
      0.0208                 1.000000
    1   d
      1.6400000              1.0000000
    1   d
      0.4640000              1.0000000
    1   d
      0.1310                 1.000000
*
ne   D-AUG-CC-PVDZ
*
    9   s
  17880.0000000              0.0007380
   2683.0000000              0.0056770
    611.5000000              0.0288830
    173.5000000              0.1085400
     56.6400000              0.2909070
     20.4200000              0.4483240
      7.8100000              0.2580260
      1.6530000              0.0150630
      0.4869000             -0.0021000
    9   s
  17880.0000000             -0.0001720
   2683.0000000             -0.0013570
    611.5000000             -0.0067370
    173.5000000             -0.0276630
     56.6400000             -0.0762080
     20.4200000             -0.1752270
      7.8100000             -0.1070380
      1.6530000              0.5670500
      0.4869000              0.5652160
    1   s
      0.4869000              1.0000000
    1   s
      0.1230000              1.0000000
    1   s
      0.0311                 1.000000
    4   p
     28.3900000              0.0460870
      6.2700000              0.2401810
      1.6950000              0.5087440
      0.4317000              0.4556600
    1   p
      0.4317000              1.0000000
    1   p
      0.1064000              1.0000000
    1   p
      0.0262                 1.000000
    1   d
      2.2020000              1.0000000
    1   d
      0.6310000              1.0000000
    1   d
      0.1810                 1.000000
*
$end
